29
182
74
11
-4
199
3
-4
10
284
10
128
7
60
-8
-8
17
106
91
56
49
257
53
12
8
63
378
89
117
-1
-4
30
20
26
50
12
14
61
46
8
121
3
104
3
-1
-4
36
9
101
13
13
-4
-14
-8
-1
62
79
17
48
157
12
104
7
50
84
-7
125
187
110
159
-20
-1
-4
21
-4
14
27
-11
40
58
19
22
13
237
157
15
11
-11
0
30
32
11
-1
-11
21
-1
1
74
-1
133
-11
-1
-1
16
-20
77
-4
89
126
51
56
51
2
9
10
1
-1
4
88
24
-4
10
9
307
17
106
-4
110
36
9
13
-1
2
513
214
49
-1
12
-8
-4
-4
12
0
-4
-4
44
-4
174
-4
-4
2
-4
215
50
-1
-4
64
36
66
9
12
19
14
50
-4
4
75
3
11
24
19
171
52
11
-1
11
2
45
24
-1
-8
-8
-1
18
-4
54
-8
27
32
108
1
57
142
367
369
-7
3
9
118
23
27
161
11
285
-4
138
-11
-4
134
22
4
60
12
559
-1
-1
169
58
68
11
41
-1
2
21
-4
3
-4
200
9
12
-8
-8
-1
-4
-11
2
111
66
61
23
2
86
1643
19
64
2
16
27
111
9
-4
8
22
-1
65
51
18
6
1
-4
-4
47
150
-1
6
2
-4
-1
52
-4
14
153
71
242
9
62
12
30
61
19
31
-1
-1
0
1412
-4
92
-4
-1
14
-4
88
2
140
76
3
23
21
2
-8
1
-1
2
-1
20
4
-4
126
16
1
1
-4
15
-14
-4
-7
2
-1
-4
53
-8
1
-4
60
100
-1
65
229
-1
27
64
201
47
8
59
-4
-4
47
108
550
-4
-4
-4
41
-4
12
9
-4
-14
6
-4
-11
-4
-4
-1
-8
-4
-1
-4
36
80
-14
59
-1
-4
-1
-4
5
-4
-4
-28
9
3
88
19
77
-23
44
-4
-4
79
-8
-4
38
179
126
18
-8
85
14
11
-4
-26
11
8
14
7
-4
-1
1
-11
-1
26
-19
11
160
14
324
82
-1
65
58
128
-35
98
1
-14
-1
-4
110
-4
-8
-1
-4
0
913
24
118
57
-4
-4
13
94
9
-4
12
-16
-4
-10
4
4
-1
11
-8
57
14
182
-1
86
116
-1
-8
44
40
-4
11
-1
26
274
1
37
218
16
68
70
-1
77
-1
57
-1
20
99
11
-1
11
11
-4
112
3
412
66
319
76
15
126
20
18
6
5
6
4
41
70
27
96
41
30
18
110
194
11
91
3
3
-7
-1
15
300
14
274
-1
61
59
-4
25
70
36
177
155
137
-4
-4
10
3
530
5
10
14
2
18
45
12
-4
-4
257
22
27
10
-4
1
-17
-8
-1
81
1
0
4
14
283
122
52
96
3
34
-1
-4
49
-4
47
12
13
-4
91
38
-4
-7
-1
85
-4
7
32
70
1073
-1
43
36
-8
-4
59
34
20
18
8
15
97
76
22
-4
-4
3
64
22
-7
-11
35
-17
60
87
3
35
76
-1
-8
0
3
3
-1
3
-4
63
3
20
19
55
-4
56
4
116
112
0
-1
1
1231
22
27
-11
11
1026
9
7
31
-11
11
117
2
12
3
-4
-8
-7
-1
62
141
97
20
216
18
9
-8
85
75
85
2
48
2
106
-43
-1
104
-4
4
4
