3478
7142
88
2190
59
10030
17
261
7707
2289
24636
14364
2
1785
16464
230
2826
7299
-4
1956
5055
7746
2797
25516
1734
3165
3929
154
6253
257
4837
29
4765
12
98
24246
14099
755
3365
2616
11
66706
23425
-11
1344
533
24085
1600
13100
118
2803
498
9036
57
5826
55
2240
2525
3137
19569
1587
208
24037
5683
101576
1740
5978
4748
4314
2912
1334
3239
26843
174
46442
202
5229
25
23802
-4
1901
2364
8450
8613
9702
1185
132
34
15500
691
11731
1885
578
1496
1261
13322
15229
32707
6007
1756
350
2187
21305
-4
10301
134
3745
629
12756
70
1105
1943
10206
684
23981
2065
11
129
4
25717
9545
4587
794
2542
11843
4424
23137
554
4041
-8
3400
7702
4871
5936
65
11
25098
63377
-1
31259
1123
-4
848
3099
157
4754
515
2241
2718
91
9926
2950
4320
17523
3473
26290
3665
87111
7268
100
-19
23170
57729
889
65036
901
434
2438
59417
3
4392
9603
9
2421
573
5832
610
5604
5679
1214
7133
1884
2543
37055
2649
21692
2911
11656
229
17968
7145
10
14379
112
31809
875
941
53807
25129
793
170
14658
434
7150
3498
4454
16783
111990
9012
20918
218
63541
3657
16349
2121
35598
16
6619
1999
12273
12357
1245
56758
74
60955
17
15114
16476
19519
1812
16008
3
33470
9769
20248
-1
171
4
7575
27839
1189
43704
25556
98
2969
1231
9497
35038
4290
20
4386
2533
353
1114
2645
1315
11677
2651
2655
-4
4478
8
14678
74580
3816
36499
1390
59898
47907
13334
1648
21301
23199
1931
104
49012
649
1293
2050
7744
-4
19052
30479
-1
70650
5640
1990
18802
89
1435
22201
1452
3912
11
904
3328
14829
47685
46065
10441
58
359
14137
42932
5017
3346
21121
7982
1355
3298
155
1781
61910
280
936
20683
6354
11401
20
5101
1377
32380
7
3627
106
7015
2828
26261
14085
29445
48
51712
4910
1094
6315
326
15281
6959
19353
1116
1662
615
21551
84627
2
348
328
7979
-35
7864
844
266
19039
6474
212
9955
12
13018
268
1516
3495
12813
6048
1654
2031
12
2748
109
18
28642
4342
36362
20579
27
15582
7176
110
175
18392
7253
382
204
3937
3023
9217
594
13029
8653
-7
6742
10272
140
8151
62067
477
481
5144
7282
34271
10164
-43
6558
5321
2780
29301
3532
6319
74
1797
77895
11
3227
34
2984
669
23636
2764
64752
3328
3227
2440
22747
22068
-1
363
12334
1499
17522
9347
2558
1370
122
76
42876
34333
2957
65814
33247
-4
22685
1774
5786
513
1073
-14
149
-11
14015
174
6889
985
1364
30072
28561
1583
11826
2484
7993
5047
-4
595
-4
-8
3752
24363
10684
20967
201
2201
15912
36483
794
403
3957
11382
-1
16427
7107
13198
6714
11
1537
11426
0
19377
191
54
31427
2171
25595
2542
356
54000
34924
1480
4118
605
6806
373
50919
1628
5021
3
31647
839
3402
13398
12193
116
2414
1001
11678
-8
9468
5332
2523
48856
39392
9962
42327
93093
2232
13235
101
7053
24
17066
31756
1329
17317
2671
11341
11
30043
142
3208
1408
18954
1461
6126
24091
4291
30256
2695
1564
613
100
5089
13815
4163
2742
202
19373
1164
73636
9145
36
234
30078
3992
144
2912
126
2
1990
-26
5485
4914
-4
5113
45
320
26841
-20
27646
101
47647
1837
28572
91
97679
3109
43344
1177
10592
8148
4277
16916
9401
462
4
21273
4344
25059
26370
155
1973
19163
-1
16224
45099
59
13793
2928
53376
212
16
19110
85
10085
68
5230
110
17758
1756
5874
15357
1562
60
2852
4573
420
2384
40119
1406
3929
46161
1062
1154
14223
4227
234
127
68
14484
29628
-7
3112
1428
11248
1786
12848
4475
731
18213
27
7961
8067
3534
175
1278
183
6
11599
1043
128
63985
531
16672
2084
1427
284
4197
3546
137
14992
5396
30560
5178
21589
1
15268
12334
22
2344
51209
27
64722
-8
89
99
2917
1385
17237
15988
3204
2702
5
5909
14118
1168
28678
1396
28
-29
4870
31495
2848
10861
3141
85
623
21013
4904
36768
3
34644
3013
41824
7984
16101
1561
14580
16532
1776
3229
3093
29676
15484
-4
21392
922
5304
9
5687
7751
2244
738
2567
112
29226
19301
111
12725
1104
23123
2906
313
161
352
6087
616
2864
29923
28865
1942
21096
32853
7266
1346
22264
1543
13668
13200
96
1665
754
92
66
9
31408
4542
1379
10805
15708
2335
5163
2953
11
6147
8680
18997
1712
24629
3188
5869
510
9847
14977
9274
7015
9
11729
77
570
-4
1537
1752
79
364
3083
115
117
66294
4972
20877
49
118
10060
11829
2235
16283
2895
86
-4
31717
25615
-1
161
227
1786
12933
1434
-10
11821
24046
